time,latitude,longitude,TSG_T,TSG_Salinity,calibrated_SW_xCO2_dry,ATM_pCO2_wet,SW_pCO2_wet_equil_T,SW_pCO2_wet_SST
2017-11-03T04:55:00Z,50.6236,-126.7775,NaN,NaN,862.48,NaN,NaN,NaN
2017-11-03T04:58:00Z,50.6166,-126.7656,NaN,NaN,909.61,NaN,NaN,NaN
2017-11-03T05:00:00Z,50.6108,-126.7548,NaN,NaN,944.93,NaN,NaN,NaN
2017-11-03T05:02:00Z,50.6052,-126.7435,NaN,NaN,964.1,NaN,NaN,NaN
2017-11-04T15:46:00Z,50.6014,-126.739,9.46,31.32,980.58,NaN,980.79,957.58
2017-11-04T15:48:00Z,50.6077,-126.752,9.41,31.44,982.81,NaN,983.01,961.03
2017-11-04T15:50:00Z,50.6139,-126.7648,9.38,31.42,987.5,NaN,987.8,965.85
2017-11-04T15:53:00Z,50.6199,-126.7776,9.35,31.37,986.84,NaN,987.21,963.97
2017-11-04T15:55:00Z,50.6267,-126.7884,9.31,31.48,986.26,NaN,986.61,966.06
2017-11-04T15:57:00Z,50.6335,-126.7991,9.33,31.53,979.46,NaN,979.85,958.83
2017-11-10T00:53:00Z,50.6305,-126.7941,9.2,31.78,928.46,NaN,920.81,900.29
2017-11-10T00:56:00Z,50.62,-126.7793,9.37,31.57,927.46,NaN,920.13,894.45
2017-11-10T00:59:00Z,50.6113,-126.7649,9.38,31.59,929.27,NaN,922.24,896.56
2017-11-10T01:01:00Z,50.6036,-126.7489,9.39,31.55,932.78,NaN,925.49,899.83
2017-11-11T14:38:00Z,50.6006,-126.723,9.51,31.44,982.44,NaN,978.24,947.4
2017-11-11T14:40:00Z,50.6064,-126.7342,9.52,31.44,981.67,NaN,977.82,946.64
2017-11-11T14:42:00Z,50.6117,-126.7442,9.74,31.12,979.88,NaN,976.07,936.86
2017-11-11T14:44:00Z,50.6166,-126.7541,9.54,31.46,963.13,NaN,959.28,930.56
2017-11-11T14:46:00Z,50.6214,-126.7642,9.61,31.52,971.17,NaN,967.31,929.77
2017-11-11T14:48:00Z,50.6268,-126.7741,9.47,31.57,970.61,NaN,966.79,933.75
2017-11-11T14:50:00Z,50.6324,-126.784,9.44,31.5,970.9,NaN,967.09,935.56
2017-11-11T14:52:00Z,50.6376,-126.7938,9.48,31.38,973.12,NaN,969.24,936.43
2017-11-16T23:59:00Z,50.6346,-126.7934,9.0,31.76,892.48,NaN,881.6,861.28
2017-11-17T00:01:00Z,50.6295,-126.7835,9.04,31.74,908.64,NaN,897.49,876.91
2017-11-17T00:03:00Z,50.6244,-126.7741,9.1,31.62,915.83,NaN,904.66,884.9
2017-11-17T00:05:00Z,50.6196,-126.7645,9.15,31.57,931.62,NaN,920.29,899.45
2017-11-17T00:07:00Z,50.6144,-126.7553,9.19,31.51,942.27,NaN,930.79,908.48
2017-11-17T00:09:00Z,50.6091,-126.7464,9.19,31.5,948.95,NaN,937.42,914.29
2017-11-17T00:11:00Z,50.6039,-126.7374,9.18,31.44,951.13,NaN,939.5,913.34
2017-11-18T15:42:00Z,50.6009,-126.7363,9.28,31.39,957.29,NaN,959.37,932.87
2017-11-18T15:44:00Z,50.6075,-126.7489,9.27,31.42,952.53,NaN,954.53,928.68
2017-11-18T15:46:00Z,50.6144,-126.761,9.25,31.46,949.57,NaN,951.54,924.83
2017-11-18T15:48:00Z,50.6211,-126.7731,9.22,31.48,944.49,NaN,946.52,919.59
2017-11-18T15:50:00Z,50.6282,-126.7832,9.18,31.53,942.41,NaN,944.26,918.68
2017-11-18T15:52:00Z,50.6349,-126.7934,9.19,31.57,935.91,NaN,937.89,913.51
2017-11-24T00:33:00Z,50.6309,-126.7935,9.13,31.1,816.86,NaN,809.09,788.08
2017-11-24T00:35:00Z,50.6249,-126.784,9.17,31.03,816.91,NaN,809.03,790.13
2017-11-24T00:37:00Z,50.6188,-126.774,9.24,30.99,833.73,NaN,825.92,804.84
2017-11-24T00:39:00Z,50.6127,-126.7642,9.27,30.99,884.14,NaN,875.58,853.45
2017-11-24T00:41:00Z,50.6067,-126.754,9.3,30.93,893.21,NaN,884.69,862.69
2017-11-24T00:43:00Z,50.6017,-126.7426,9.34,30.88,901.92,NaN,893.21,871.63
2017-11-25T15:25:00Z,50.6043,-126.7409,9.38,30.68,934.42,NaN,928.72,900.33
2017-11-25T15:27:00Z,50.6103,-126.752,9.37,30.85,933.53,NaN,927.6,899.16
2017-11-25T15:29:00Z,50.6161,-126.7629,9.36,30.87,932.9,NaN,927.33,898.89
2017-11-25T15:31:00Z,50.6219,-126.7741,9.35,30.89,929.48,NaN,923.66,895.21
2017-11-25T15:33:00Z,50.6276,-126.7854,9.34,30.93,923.04,NaN,917.43,889.45
2017-11-25T15:35:00Z,50.6339,-126.7965,9.33,30.91,923.64,NaN,918.06,890.52
2017-12-01T02:04:00Z,50.6336,-126.7901,9.14,31.07,822.63,NaN,821.84,799.5
2017-12-01T02:06:00Z,50.6272,-126.7786,9.16,30.84,821.93,NaN,821.19,799.13
2017-12-01T02:08:00Z,50.6206,-126.7677,9.2,30.83,837.44,NaN,836.99,814.66
2017-12-01T02:10:00Z,50.6143,-126.7569,9.23,30.81,849.54,NaN,849.17,825.94
2017-12-01T02:12:00Z,50.6084,-126.746,9.24,30.76,869.5,NaN,868.88,844.9
2017-12-01T02:14:00Z,50.6023,-126.7349,9.25,30.75,884.23,NaN,883.66,859.1
2017-12-02T15:08:00Z,50.6037,-126.7372,9.28,30.68,910.04,NaN,907.49,882.31
2017-12-02T15:10:00Z,50.6102,-126.7501,9.27,30.8,903.05,NaN,900.42,875.74
2017-12-02T15:12:00Z,50.6169,-126.7631,9.27,30.79,898.89,NaN,896.44,871.35
2017-12-02T15:14:00Z,50.6236,-126.7757,9.25,30.81,898.28,NaN,895.69,869.93
2017-12-02T15:16:00Z,50.6305,-126.787,9.23,30.85,893.95,NaN,891.33,865.01
2017-12-02T15:18:00Z,50.6377,-126.7979,9.21,30.84,888.74,NaN,886.38,860.27
2017-12-08T00:28:00Z,50.6308,-126.7922,9.06,31.15,781.49,NaN,792.99,767.16
2017-12-08T00:30:00Z,50.6242,-126.7812,9.08,31.1,778.24,NaN,789.68,766.52
2017-12-08T00:33:00Z,50.617,-126.7682,9.18,30.98,792.73,NaN,804.33,778.8
2017-12-08T00:35:00Z,50.6113,-126.7566,9.21,30.95,815.47,NaN,827.38,801.03
2017-12-08T00:37:00Z,50.6055,-126.7449,9.22,30.9,837.91,NaN,850.29,823.0
2017-12-09T15:20:00Z,50.6032,-126.7358,9.04,30.9,NaN,422.5,NaN,NaN
2017-12-09T15:22:00Z,50.6075,-126.7436,9.06,30.89,NaN,418.31,NaN,NaN
2017-12-09T15:23:00Z,50.6118,-126.7516,9.05,30.94,NaN,423.74,NaN,NaN
2017-12-09T15:29:00Z,50.6314,-126.7896,9.06,31.03,835.14,NaN,843.16,818.35
2017-12-15T00:13:00Z,50.6412,-126.798,9.13,31.11,790.41,NaN,797.69,776.25
2017-12-15T00:15:00Z,50.6358,-126.7888,9.2,31.08,795.2,NaN,802.54,775.53
2017-12-15T00:17:00Z,50.6302,-126.7793,9.22,31.07,792.09,NaN,799.51,773.96
2017-12-15T00:19:00Z,50.6242,-126.7699,9.27,31.04,793.96,NaN,801.34,772.57
2017-12-15T00:21:00Z,50.6185,-126.7604,9.2,31.01,795.22,NaN,802.72,773.93
2017-12-15T00:24:00Z,50.6129,-126.7514,9.13,30.89,808.03,NaN,815.56,791.59
2017-12-15T00:26:00Z,50.6079,-126.7419,9.14,30.85,814.35,NaN,822.02,796.03
2017-12-15T00:28:00Z,50.6028,-126.7324,9.2,30.92,812.39,NaN,819.91,795.83
2017-12-16T15:18:00Z,50.6026,-126.7385,8.72,30.92,841.35,NaN,849.43,838.03
2017-12-16T15:20:00Z,50.6085,-126.7496,8.71,30.94,836.65,NaN,844.71,833.68
2017-12-16T15:22:00Z,50.6144,-126.7607,8.7,30.95,833.02,NaN,841.04,830.12
2017-12-16T15:24:00Z,50.6204,-126.7717,8.67,30.91,831.19,NaN,839.02,826.43
2017-12-16T15:26:00Z,50.6262,-126.7812,8.68,30.98,835.14,NaN,842.92,839.4
2017-12-16T15:28:00Z,50.6324,-126.7907,8.72,30.95,814.21,NaN,821.9,810.14
2017-12-22T00:31:00Z,50.6334,-126.7944,8.33,31.04,701.8,NaN,709.8,701.91
2017-12-22T00:33:00Z,50.6276,-126.7831,8.33,31.03,699.21,NaN,707.34,701.38
2017-12-22T00:35:00Z,50.6221,-126.7721,8.49,30.94,710.53,NaN,718.58,711.68
2017-12-22T00:37:00Z,50.6166,-126.7611,8.52,30.91,778.7,NaN,787.6,779.11
2017-12-22T00:39:00Z,50.6112,-126.7503,8.55,30.9,801.65,NaN,810.79,802.0
2017-12-22T00:41:00Z,50.6057,-126.7393,8.55,30.88,811.75,NaN,821.09,812.21
2017-12-22T00:43:00Z,50.6,-126.729,8.56,30.88,817.98,NaN,827.0,817.93
2017-12-23T15:13:00Z,50.6056,-126.7451,8.52,31.07,813.29,NaN,826.54,816.66
2017-12-23T15:15:00Z,50.6116,-126.7568,8.49,31.03,804.91,NaN,818.1,808.61
2017-12-23T15:17:00Z,50.6176,-126.7683,8.5,31.03,803.51,NaN,816.61,807.96
2017-12-23T15:19:00Z,50.6236,-126.7797,8.51,31.0,802.43,NaN,815.58,805.71
2017-12-23T15:21:00Z,50.6301,-126.7909,8.46,31.04,804.26,NaN,817.46,804.55
2017-12-28T23:58:00Z,50.6365,-126.7958,8.56,31.15,781.41,NaN,780.11,768.04
2017-12-29T00:00:00Z,50.6317,-126.786,8.52,31.02,787.62,NaN,786.26,774.87
2017-12-29T00:02:00Z,50.6266,-126.7761,8.52,30.96,791.24,NaN,789.64,778.48
2017-12-29T00:04:00Z,50.6211,-126.7672,8.52,30.99,795.66,NaN,794.68,783.53
2017-12-29T00:06:00Z,50.6161,-126.7579,8.53,30.94,803.09,NaN,801.82,790.34
2017-12-29T00:08:00Z,50.6114,-126.7495,8.52,30.9,NaN,418.67,NaN,NaN
2017-12-29T00:09:00Z,50.608,-126.7435,8.53,30.89,NaN,418.97,NaN,NaN
2017-12-29T00:10:00Z,50.6046,-126.7376,8.53,30.9,NaN,418.18,NaN,NaN
2017-12-30T16:20:00Z,50.6034,-126.7386,8.49,30.91,803.78,NaN,809.69,798.75
2017-12-30T16:22:00Z,50.6087,-126.7491,8.49,30.91,799.61,NaN,805.34,794.28
2017-12-30T16:24:00Z,50.6141,-126.7595,8.49,30.9,802.12,NaN,807.94,796.77
2017-12-30T16:26:00Z,50.6197,-126.77,8.52,30.9,799.57,NaN,805.57,793.15
2017-12-30T16:28:00Z,50.6252,-126.78,8.48,30.96,800.03,NaN,806.44,795.35
2017-12-30T16:30:00Z,50.6301,-126.7903,8.49,31.06,793.01,NaN,799.24,785.14
2018-01-04T23:32:00Z,50.6362,-126.7972,8.49,31.26,791.88,NaN,789.29,776.13
2018-01-04T23:34:00Z,50.6308,-126.7869,8.5,31.32,792.01,NaN,789.49,775.95
2018-01-04T23:36:00Z,50.626,-126.7776,8.5,31.18,789.87,NaN,787.4,773.97
2018-01-04T23:38:00Z,50.6203,-126.767,8.51,31.11,793.86,NaN,791.23,777.5
2018-01-04T23:40:00Z,50.6155,-126.7579,8.51,31.09,796.93,NaN,794.47,780.74
2018-01-04T23:42:00Z,50.6106,-126.7488,8.52,31.07,798.71,NaN,796.61,782.82
2018-01-04T23:44:00Z,50.6058,-126.7398,8.52,31.04,800.88,NaN,798.52,784.55
2018-01-04T23:46:00Z,50.6008,-126.7308,8.52,31.02,802.17,NaN,799.89,786.13
2018-01-06T15:24:00Z,50.6,-126.7334,8.47,31.06,800.59,NaN,806.07,792.44
2018-01-06T15:26:00Z,50.6052,-126.7427,8.46,31.1,800.84,NaN,806.3,793.56
2018-01-06T15:29:00Z,50.6113,-126.7535,8.47,31.15,799.16,NaN,804.53,792.06
2018-01-06T15:31:00Z,50.6166,-126.7627,8.47,31.2,794.64,NaN,800.0,786.99
2018-01-06T15:33:00Z,50.6217,-126.772,8.46,31.24,790.5,NaN,795.72,783.01
2018-01-06T15:35:00Z,50.6265,-126.7813,8.47,31.26,789.55,NaN,794.81,782.04
2018-01-06T15:37:00Z,50.6314,-126.7904,8.46,31.3,791.2,NaN,796.48,783.11
2018-01-06T15:39:00Z,50.6363,-126.7994,8.41,31.26,789.98,NaN,795.21,782.58
2018-01-12T01:24:00Z,50.6342,-126.7988,8.29,31.07,762.98,NaN,759.9,749.56
2018-01-12T01:26:00Z,50.6275,-126.7872,8.31,30.92,778.64,NaN,775.44,764.5
2018-01-12T01:28:00Z,50.6205,-126.7758,8.31,30.92,788.71,NaN,785.48,773.83
2018-01-12T01:30:00Z,50.6137,-126.765,8.3,30.84,794.5,NaN,791.13,779.88
2018-01-12T01:32:00Z,50.6074,-126.7535,8.3,30.84,797.55,NaN,794.08,782.91
2018-01-12T01:35:00Z,50.6002,-126.7402,8.31,30.85,799.27,NaN,795.83,784.48
2018-01-13T15:41:00Z,50.6057,-126.7429,8.33,30.82,788.03,NaN,797.0,783.74
2018-01-13T15:43:00Z,50.6116,-126.7539,8.38,30.83,786.31,NaN,795.13,780.29
2018-01-13T15:45:00Z,50.6175,-126.7648,8.34,30.9,782.0,NaN,790.8,777.45
2018-01-13T15:47:00Z,50.6232,-126.7749,8.36,30.95,782.13,NaN,790.95,779.45
2018-01-13T15:49:00Z,50.629,-126.7844,8.34,30.97,775.51,NaN,784.26,770.7
2018-01-13T15:51:00Z,50.635,-126.7946,8.34,30.96,773.04,NaN,781.87,768.77
2018-02-03T17:27:00Z,50.6035,-126.7386,8.3,30.5,746.5,NaN,754.64,741.26
2018-02-03T17:29:00Z,50.6104,-126.7514,8.3,30.53,744.07,NaN,752.22,739.0
2018-02-03T17:32:00Z,50.6171,-126.7643,8.28,30.54,742.07,NaN,750.12,737.2
2018-02-03T17:34:00Z,50.6239,-126.7768,8.27,30.58,742.29,NaN,750.35,737.33
2018-02-03T17:36:00Z,50.6311,-126.7869,8.3,30.62,738.69,NaN,746.67,733.35
2018-02-03T17:38:00Z,50.6384,-126.7976,8.29,30.56,726.02,NaN,733.96,720.88
2018-02-09T00:35:00Z,50.6384,-126.7975,8.36,30.57,679.25,NaN,685.73,673.57
2018-02-09T00:37:00Z,50.6326,-126.7864,8.4,30.4,683.34,NaN,689.78,675.57
2018-02-09T00:39:00Z,50.6264,-126.776,8.4,30.24,694.91,NaN,701.55,687.16
2018-02-09T00:41:00Z,50.6199,-126.7662,8.39,30.21,708.75,NaN,715.53,701.56
2018-02-09T00:43:00Z,50.6139,-126.7561,8.41,30.23,717.66,NaN,724.56,711.15
2018-02-09T00:45:00Z,50.608,-126.746,8.42,30.23,720.18,NaN,727.14,712.33
2018-02-09T00:47:00Z,50.602,-126.7354,8.4,30.21,725.56,NaN,732.61,718.03
2018-02-10T16:16:00Z,50.606,-126.7415,8.14,30.22,726.11,NaN,737.81,725.94
2018-02-10T16:18:00Z,50.6124,-126.7533,8.14,30.25,721.32,NaN,733.0,722.09
2018-02-10T16:20:00Z,50.6187,-126.765,8.14,30.27,720.8,NaN,732.62,720.68
2018-02-10T16:22:00Z,50.625,-126.776,8.14,30.22,716.39,NaN,728.09,718.13
2018-02-10T16:24:00Z,50.6314,-126.787,8.12,30.19,703.22,NaN,714.54,702.35
2018-02-10T16:26:00Z,50.6375,-126.7981,8.05,30.29,693.37,NaN,704.79,693.52
2018-02-15T23:50:00Z,50.636,-126.797,7.84,30.41,630.16,NaN,639.04,632.51
2018-02-15T23:52:00Z,50.6301,-126.7855,7.93,30.43,647.99,NaN,657.11,648.52
2018-02-15T23:54:00Z,50.6246,-126.7742,7.98,30.48,665.56,NaN,674.82,667.31
2018-02-15T23:56:00Z,50.6192,-126.7629,8.07,30.35,671.86,NaN,681.4,672.86
2018-02-15T23:58:00Z,50.6138,-126.7518,8.1,30.34,692.04,NaN,701.66,692.09
2018-02-16T00:00:00Z,50.6079,-126.7413,8.1,30.32,699.6,NaN,709.45,699.95
2018-02-16T00:02:00Z,50.6018,-126.731,8.11,30.3,702.98,NaN,712.85,703.2
2018-02-17T17:02:00Z,50.6006,-126.7347,8.14,30.27,749.29,NaN,738.27,727.95
2018-02-17T17:04:00Z,50.6079,-126.749,8.14,30.31,745.22,NaN,734.53,724.25
2018-02-17T17:06:00Z,50.6159,-126.7629,8.14,30.38,741.12,NaN,730.55,719.92
2018-02-17T17:08:00Z,50.6238,-126.7765,8.13,30.42,733.14,NaN,722.64,711.57
2018-02-17T17:10:00Z,50.6312,-126.7879,8.11,30.46,NaN,405.84,NaN,NaN
2018-02-17T17:11:00Z,50.6366,-126.7961,8.14,30.46,NaN,406.31,NaN,NaN
2018-02-23T00:31:00Z,50.6351,-126.7926,8.28,30.65,678.79,NaN,689.05,671.94
2018-02-23T00:33:00Z,50.6296,-126.7825,8.27,30.63,681.68,NaN,691.97,677.18
2018-02-23T00:35:00Z,50.6238,-126.7719,8.32,30.47,680.43,NaN,690.65,674.36
2018-02-23T00:37:00Z,50.6189,-126.7629,8.33,30.46,696.11,NaN,706.56,690.06
2018-02-23T00:39:00Z,50.614,-126.754,8.33,30.43,701.29,NaN,711.77,694.9
2018-02-23T00:41:00Z,50.6091,-126.7452,8.33,30.41,704.69,NaN,715.23,698.2
2018-02-23T00:43:00Z,50.6041,-126.7363,8.33,30.4,705.76,NaN,716.29,699.37
2018-02-24T16:17:00Z,50.6158,-126.7597,8.15,30.46,714.5,NaN,716.6,703.81
2018-02-24T16:19:00Z,50.6218,-126.7704,8.18,30.42,714.14,NaN,716.13,701.54
2018-02-24T16:21:00Z,50.6275,-126.7812,8.18,30.5,707.31,NaN,709.47,695.76
2018-02-24T16:23:00Z,50.6331,-126.7919,8.15,30.6,701.72,NaN,703.64,687.98
2018-03-02T00:33:00Z,50.6352,-126.7967,8.23,30.76,692.83,NaN,683.82,667.09
2018-03-02T00:35:00Z,50.6308,-126.7876,8.22,30.76,694.48,NaN,685.31,670.06
2018-03-02T00:37:00Z,50.6264,-126.7784,8.27,30.72,697.08,NaN,687.77,672.75
2018-03-02T00:39:00Z,50.6217,-126.7698,8.32,30.7,709.18,NaN,699.82,683.78
2018-03-02T00:41:00Z,50.6169,-126.7612,8.33,30.63,722.93,NaN,713.25,696.66
2018-03-02T00:43:00Z,50.6123,-126.7526,8.34,30.65,732.32,NaN,722.5,705.4
2018-03-02T00:45:00Z,50.6076,-126.7445,8.32,30.67,733.98,NaN,723.96,704.02
2018-03-02T00:48:00Z,50.6023,-126.7348,8.21,30.6,739.83,NaN,729.83,712.6
2018-03-03T16:25:00Z,50.6062,-126.7453,8.05,30.53,736.86,NaN,737.32,728.12
2018-03-03T16:27:00Z,50.6135,-126.759,8.04,30.56,738.37,NaN,738.82,729.66
2018-03-03T16:29:00Z,50.6213,-126.7719,8.04,30.59,739.94,NaN,740.36,731.06
2018-03-03T16:31:00Z,50.6294,-126.7835,8.03,30.7,742.18,NaN,742.72,734.08
2018-03-03T16:33:00Z,50.6376,-126.7943,8.07,30.83,740.06,NaN,740.6,731.4
2018-03-09T02:11:00Z,50.6327,-126.7899,8.1,31.0,713.57,NaN,706.51,695.61
2018-03-09T02:13:00Z,50.6259,-126.7772,8.11,30.65,717.7,NaN,710.56,699.13
2018-03-09T02:15:00Z,50.6191,-126.765,8.09,30.59,740.09,NaN,732.71,721.55
2018-03-09T02:18:00Z,50.6112,-126.7508,8.11,30.59,747.03,NaN,739.74,728.08
2018-03-09T02:20:00Z,50.6049,-126.7392,8.11,30.55,748.93,NaN,741.45,729.42
2018-03-10T15:30:00Z,50.6013,-126.7358,8.1,30.51,741.23,NaN,744.19,732.04
2018-03-10T15:32:00Z,50.6074,-126.7473,8.08,30.5,741.34,NaN,744.37,732.45
2018-03-10T15:34:00Z,50.6137,-126.759,8.09,30.55,741.73,NaN,744.73,732.61
2018-03-10T15:36:00Z,50.6199,-126.7706,8.09,30.57,742.78,NaN,745.76,733.58
2018-03-10T15:38:00Z,50.6263,-126.7823,8.09,30.6,743.23,NaN,746.26,733.9
2018-03-10T15:40:00Z,50.6328,-126.7936,8.07,30.66,742.18,NaN,745.2,734.1
2018-03-15T23:49:00Z,50.6333,-126.7909,8.4,30.81,713.92,NaN,711.37,695.03
2018-03-15T23:51:00Z,50.6288,-126.7814,8.35,30.79,725.06,NaN,722.54,707.84
2018-03-15T23:53:00Z,50.6242,-126.7721,8.34,30.75,733.35,NaN,730.79,716.32
2018-03-15T23:55:00Z,50.6197,-126.763,8.34,30.74,740.77,NaN,738.28,723.73
2018-03-15T23:57:00Z,50.6149,-126.754,8.34,30.7,741.72,NaN,739.16,724.58
2018-03-15T23:59:00Z,50.6104,-126.7452,8.41,30.63,740.63,NaN,738.05,720.81
2018-03-16T00:01:00Z,50.6057,-126.7365,8.45,30.58,738.78,NaN,736.22,719.25
2018-03-16T00:03:00Z,50.6005,-126.7274,8.44,30.56,741.23,NaN,738.69,722.34
2018-03-17T16:35:00Z,50.6056,-126.7416,8.11,30.71,748.22,NaN,745.84,735.69
2018-03-17T16:37:00Z,50.6127,-126.7549,8.1,30.74,748.95,NaN,746.51,736.36
2018-03-17T16:39:00Z,50.6197,-126.7682,8.09,30.74,749.9,NaN,747.46,737.52
2018-03-17T16:41:00Z,50.6272,-126.7797,8.09,30.79,749.15,NaN,746.6,737.02
2018-03-17T16:43:00Z,50.6346,-126.7907,8.11,30.75,741.39,NaN,738.93,728.98
2018-03-22T23:55:00Z,50.6351,-126.7942,8.18,30.93,632.08,NaN,623.62,615.07
2018-03-22T23:57:00Z,50.629,-126.7834,8.17,30.95,638.18,NaN,629.58,621.08
2018-03-22T23:59:00Z,50.6234,-126.7732,8.16,30.82,652.51,NaN,643.77,634.91
2018-03-23T00:01:00Z,50.6177,-126.763,8.15,30.8,704.92,NaN,695.55,685.75
2018-03-23T00:03:00Z,50.612,-126.7527,8.15,30.8,727.77,NaN,718.03,708.04
2018-03-23T00:05:00Z,50.6062,-126.7422,8.15,30.76,735.36,NaN,725.55,715.51
2018-03-24T14:59:00Z,50.6011,-126.7335,8.05,30.66,738.99,NaN,735.92,727.41
2018-03-24T15:01:00Z,50.6076,-126.7445,8.06,30.68,739.11,NaN,735.92,726.38
2018-03-24T15:03:00Z,50.6139,-126.7553,8.06,30.73,739.37,NaN,736.26,727.45
2018-03-24T15:05:00Z,50.6203,-126.7663,8.05,30.74,740.66,NaN,737.6,728.49
2018-03-24T15:07:00Z,50.627,-126.777,8.05,30.76,739.92,NaN,736.92,728.25
2018-03-24T15:09:00Z,50.6339,-126.7875,8.04,30.74,739.65,NaN,736.59,727.37
2018-03-24T15:12:00Z,50.6418,-126.7998,8.01,30.77,738.14,NaN,735.08,726.52
2018-03-29T22:56:00Z,50.6364,-126.7947,8.11,30.86,632.82,NaN,638.19,630.64
2018-03-29T22:58:00Z,50.6306,-126.7836,8.11,30.87,646.8,NaN,652.31,644.54
2018-03-29T23:00:00Z,50.6249,-126.7728,8.11,30.82,658.27,NaN,663.82,656.0
2018-03-29T23:02:00Z,50.6192,-126.7623,8.11,30.77,680.65,NaN,686.34,678.24
2018-03-29T23:04:00Z,50.6135,-126.7519,8.1,30.78,700.22,NaN,705.81,697.52
2018-03-29T23:06:00Z,50.6078,-126.7419,8.11,30.73,708.35,NaN,714.05,705.66
2018-03-29T23:08:00Z,50.6009,-126.7301,8.11,30.73,708.15,NaN,714.05,705.42
2018-03-31T15:38:00Z,50.6048,-126.7458,8.12,30.71,718.93,NaN,725.13,716.38
2018-03-31T15:40:00Z,50.6119,-126.7594,8.11,30.74,716.39,NaN,722.54,713.89
2018-03-31T15:42:00Z,50.6191,-126.7727,8.11,30.75,715.65,NaN,721.82,713.16
2018-03-31T15:44:00Z,50.6281,-126.7868,8.12,30.81,715.25,NaN,721.32,712.77
2018-03-31T15:46:00Z,50.6359,-126.7976,8.14,30.78,706.46,NaN,712.47,703.53
2018-04-06T00:21:00Z,50.6355,-126.7942,8.15,30.86,694.43,NaN,688.25,680.18
2018-04-06T00:23:00Z,50.6297,-126.7838,8.15,30.74,699.67,NaN,693.74,685.49
2018-04-06T00:25:00Z,50.6238,-126.7734,8.15,30.75,705.25,NaN,699.01,690.69
2018-04-06T00:27:00Z,50.618,-126.7632,8.14,30.75,707.57,NaN,701.73,693.08
2018-04-06T00:29:00Z,50.6125,-126.7533,8.12,30.77,NaN,NaN,NaN,NaN
2018-04-06T00:30:00Z,50.6071,-126.7434,8.14,30.69,NaN,NaN,NaN,NaN
2018-04-06T00:32:00Z,50.6019,-126.7335,8.15,30.66,NaN,NaN,NaN,NaN
2018-04-07T14:26:00Z,50.6033,-126.7412,8.23,30.57,732.79,NaN,712.65,702.42
2018-04-07T14:28:00Z,50.6092,-126.7525,8.23,30.59,732.15,NaN,712.19,702.21
2018-04-07T14:30:00Z,50.615,-126.7634,8.23,30.66,733.52,NaN,713.47,703.47
2018-04-07T14:32:00Z,50.6206,-126.7742,8.23,30.72,734.3,NaN,714.19,705.39
2018-04-07T14:34:00Z,50.6262,-126.785,8.24,30.72,732.75,NaN,712.73,702.37
2018-04-07T14:37:00Z,50.6329,-126.7974,8.24,30.73,731.13,NaN,711.2,701.44
2018-04-13T00:03:00Z,50.6308,-126.785,8.48,30.6,654.63,NaN,653.6,644.37
2018-04-13T00:05:00Z,50.6253,-126.7755,8.44,30.58,671.83,NaN,670.75,662.81
2018-04-13T00:07:00Z,50.6197,-126.7661,8.52,30.48,684.01,NaN,682.96,672.75
2018-04-13T00:09:00Z,50.6142,-126.756,8.39,30.48,691.24,NaN,690.22,680.43
2018-04-13T00:11:00Z,50.6089,-126.746,8.4,30.5,693.17,NaN,692.13,683.49
2018-04-13T00:13:00Z,50.6034,-126.7363,8.41,30.49,681.47,NaN,680.29,671.77
2018-04-14T15:53:00Z,50.6048,-126.7348,8.3,30.45,699.62,NaN,702.47,694.01
2018-04-14T15:55:00Z,50.6125,-126.7471,8.3,30.55,698.0,NaN,700.89,692.03
2018-04-14T15:57:00Z,50.6202,-126.7595,8.29,30.56,696.7,NaN,699.66,690.92
2018-04-14T15:59:00Z,50.6267,-126.7732,8.28,30.61,696.07,NaN,699.0,690.46
2018-04-14T16:01:00Z,50.6335,-126.7857,8.28,30.59,693.12,NaN,696.03,687.39
2018-04-14T16:03:00Z,50.6399,-126.7985,8.28,30.55,692.08,NaN,694.95,685.88
2018-04-20T00:18:00Z,50.6354,-126.7981,8.62,30.75,637.44,NaN,643.49,634.71
2018-04-20T00:20:00Z,50.6295,-126.7868,8.57,30.74,643.05,NaN,649.13,640.82
2018-04-20T00:22:00Z,50.6226,-126.7736,8.57,30.75,646.44,NaN,652.51,644.22
2018-04-20T00:24:00Z,50.617,-126.7628,8.47,30.77,649.49,NaN,655.65,646.52
2018-04-20T00:26:00Z,50.6116,-126.7518,8.39,30.69,665.17,NaN,671.44,663.51
2018-04-20T00:28:00Z,50.6059,-126.7409,8.38,30.58,678.38,NaN,684.85,676.39
2018-04-20T00:30:00Z,50.6001,-126.7299,8.37,30.59,688.42,NaN,694.95,686.76
2018-04-21T14:56:00Z,50.6222,-126.7995,8.42,30.87,694.46,NaN,700.63,689.84
2018-04-26T23:51:00Z,50.6357,-126.7958,9.72,30.61,586.61,NaN,586.78,571.09
2018-04-26T23:53:00Z,50.6307,-126.7863,9.35,30.66,590.31,NaN,590.48,583.09
2018-04-26T23:55:00Z,50.6259,-126.7769,9.62,30.68,606.56,NaN,606.71,592.13
2018-04-26T23:57:00Z,50.6207,-126.7677,9.17,30.64,607.7,NaN,607.86,594.97
2018-04-26T23:59:00Z,50.6157,-126.7586,8.98,30.59,637.4,NaN,637.54,623.23
2018-04-27T00:01:00Z,50.6107,-126.7498,8.9,30.6,662.43,NaN,662.6,650.08
2018-04-27T00:03:00Z,50.6057,-126.7412,9.0,30.58,671.34,NaN,671.45,659.44
2018-04-27T00:05:00Z,50.6009,-126.7323,9.03,30.59,670.31,NaN,670.4,655.9
2018-04-28T15:11:00Z,50.6205,-126.7969,8.83,30.55,664.0,NaN,663.81,654.32
2018-04-28T15:13:00Z,50.63,-126.7964,9.03,30.49,665.63,NaN,665.25,652.45
2018-05-04T00:04:00Z,50.6345,-126.7947,9.29,30.76,562.43,NaN,564.24,552.63
2018-05-04T00:06:00Z,50.6285,-126.7838,9.27,30.75,568.39,NaN,570.23,561.03
2018-05-04T00:08:00Z,50.6231,-126.7732,9.34,30.76,575.77,NaN,577.57,561.52
2018-05-04T00:10:00Z,50.6176,-126.7631,9.01,30.64,594.55,NaN,596.51,584.24
2018-05-04T00:12:00Z,50.612,-126.7523,8.95,30.6,639.68,NaN,641.86,628.94
2018-05-04T00:14:00Z,50.6062,-126.7413,8.97,30.55,663.39,NaN,665.66,652.95
2018-05-04T00:16:00Z,50.6004,-126.7304,9.02,30.53,671.15,NaN,673.44,658.13
2018-05-05T14:31:00Z,50.6035,-126.7395,8.76,30.5,688.08,NaN,695.29,684.84
2018-05-05T14:33:00Z,50.6094,-126.7505,8.75,30.53,690.48,NaN,697.71,687.34
2018-05-05T14:35:00Z,50.6153,-126.7615,8.75,30.53,692.3,NaN,699.56,689.14
2018-05-05T14:37:00Z,50.6211,-126.7729,8.75,30.54,692.44,NaN,699.73,689.07
2018-05-05T14:39:00Z,50.6271,-126.7838,8.75,30.55,693.18,NaN,700.46,690.22
2018-05-05T14:41:00Z,50.6327,-126.7947,8.84,30.69,692.7,NaN,699.96,690.77
2018-05-11T00:36:00Z,50.6337,-126.7912,9.31,30.49,512.57,NaN,516.48,508.08
2018-05-11T00:38:00Z,50.6274,-126.7796,9.34,30.28,570.1,NaN,574.45,563.63
2018-05-11T00:40:00Z,50.6212,-126.7675,9.28,30.24,609.12,NaN,613.74,601.75
2018-05-11T00:42:00Z,50.6146,-126.7563,9.22,30.32,638.59,NaN,643.42,634.62
2018-05-11T00:45:00Z,50.6088,-126.7457,9.34,30.28,649.64,NaN,654.58,642.85
2018-05-11T00:47:00Z,50.6031,-126.7353,9.3,30.18,647.81,NaN,652.73,640.51
2018-05-12T16:01:00Z,50.6026,-126.7366,9.16,30.44,643.43,NaN,651.07,639.31
2018-05-12T16:03:00Z,50.609,-126.7491,9.1,30.44,652.95,NaN,660.75,648.94
2018-05-12T16:05:00Z,50.6153,-126.7617,9.08,30.43,671.9,NaN,679.91,667.72
2018-05-12T16:07:00Z,50.622,-126.7735,9.06,30.47,681.21,NaN,689.31,677.35
2018-05-12T16:09:00Z,50.6286,-126.7846,9.07,30.52,685.18,NaN,693.32,682.46
2018-05-12T16:11:00Z,50.6363,-126.7968,9.45,30.32,668.54,NaN,676.43,671.02
2018-05-17T23:38:00Z,50.6365,-126.7998,9.84,30.6,463.28,NaN,465.18,456.1
2018-05-17T23:40:00Z,50.6304,-126.7886,9.95,30.59,482.4,NaN,484.38,472.44
2018-05-17T23:42:00Z,50.6246,-126.7767,9.72,30.6,496.86,NaN,498.92,490.15
2018-05-17T23:44:00Z,50.6187,-126.7659,9.73,30.66,503.61,NaN,505.67,496.45
2018-05-17T23:46:00Z,50.6128,-126.7549,9.8,30.68,505.34,NaN,507.38,498.74
2018-05-17T23:48:00Z,50.6076,-126.7437,9.78,30.75,508.83,NaN,510.89,500.92
2018-05-17T23:50:00Z,50.6022,-126.7325,9.65,30.59,544.0,NaN,546.22,532.4
2018-05-19T14:29:00Z,50.6052,-126.7486,9.25,30.6,719.97,NaN,721.93,707.54
2018-05-19T14:31:00Z,50.6108,-126.7599,9.24,30.62,726.06,NaN,728.06,713.99
2018-05-19T14:33:00Z,50.617,-126.7705,9.24,30.65,728.05,NaN,730.1,715.79
2018-05-19T14:35:00Z,50.6233,-126.7809,9.28,30.65,726.58,NaN,728.61,719.38
2018-05-19T14:37:00Z,50.6296,-126.7915,9.57,30.69,697.98,NaN,699.98,687.87
2018-06-02T14:45:00Z,50.6017,-126.737,9.76,30.3,764.14,NaN,771.58,755.14
2018-06-02T14:48:00Z,50.6094,-126.7501,9.75,30.38,688.22,NaN,694.96,678.69
2018-06-02T14:50:00Z,50.6158,-126.7606,9.67,30.49,722.6,NaN,729.66,713.19
2018-06-02T14:52:00Z,50.6221,-126.7709,9.65,30.51,754.38,NaN,761.75,744.9
2018-06-02T14:54:00Z,50.6284,-126.7811,9.64,30.56,765.79,NaN,773.25,756.78
2018-06-02T14:56:00Z,50.6349,-126.7915,9.64,30.58,771.65,NaN,779.15,761.32
2018-06-08T00:28:00Z,50.6361,-126.793,9.82,30.23,NaN,405.3,NaN,NaN
2018-06-08T00:29:00Z,50.6321,-126.7862,9.85,30.14,NaN,403.86,NaN,NaN
2018-06-08T00:30:00Z,50.6282,-126.7792,9.84,30.15,NaN,404.2,NaN,NaN
2018-06-08T00:37:00Z,50.6103,-126.7485,9.9,30.02,805.33,NaN,803.62,788.29
2018-06-08T00:39:00Z,50.6048,-126.7391,9.89,30.05,812.49,NaN,810.8,794.56
2018-06-09T15:02:00Z,50.6026,-126.735,9.82,30.17,787.69,NaN,787.45,771.88
2018-06-09T15:04:00Z,50.6084,-126.7466,9.83,30.17,792.7,NaN,792.49,775.03
2018-06-09T15:07:00Z,50.6153,-126.7602,9.78,30.22,801.98,NaN,801.73,785.51
2018-06-09T15:09:00Z,50.6214,-126.7714,9.78,30.22,812.39,NaN,812.18,795.01
2018-06-09T15:11:00Z,50.6265,-126.7832,9.74,30.27,818.57,NaN,818.36,801.88
2018-06-09T15:13:00Z,50.6303,-126.7949,9.75,30.3,823.16,NaN,822.99,806.12
2018-06-22T00:18:00Z,50.6363,-126.7961,11.04,30.74,458.59,NaN,460.92,444.69
2018-06-22T00:20:00Z,50.6308,-126.7848,10.71,30.78,577.78,NaN,580.71,574.91
2018-06-22T00:22:00Z,50.625,-126.7733,10.6,30.63,629.24,NaN,632.41,612.86
2018-06-22T00:24:00Z,50.619,-126.7633,10.33,30.61,699.97,NaN,703.49,686.27
2018-06-22T00:26:00Z,50.6132,-126.7537,10.26,30.56,778.29,NaN,782.2,762.29
2018-06-22T00:28:00Z,50.6073,-126.7442,10.2,30.53,816.43,NaN,820.58,802.46
2018-06-22T00:30:00Z,50.6015,-126.7345,10.15,30.52,836.8,NaN,841.06,821.75
2018-06-23T14:12:00Z,50.6029,-126.7371,9.92,30.57,NaN,416.12,NaN,NaN
2018-06-23T14:13:00Z,50.607,-126.7451,9.91,30.56,NaN,416.74,NaN,NaN
2018-06-23T14:20:00Z,50.6253,-126.7795,9.87,30.63,823.54,NaN,830.36,816.2
2018-06-23T14:22:00Z,50.6313,-126.7889,9.9,30.66,828.8,NaN,835.67,824.11
2018-06-23T14:24:00Z,50.6375,-126.7987,9.96,30.63,818.68,NaN,825.37,814.64
2018-06-28T22:46:00Z,50.6343,-126.7933,10.8,30.13,496.26,NaN,498.16,492.1
2018-06-28T22:48:00Z,50.6277,-126.7821,10.9,30.14,497.12,NaN,499.0,488.61
2018-06-28T22:50:00Z,50.621,-126.771,10.76,30.16,490.63,NaN,492.47,483.55
2018-06-28T22:52:00Z,50.6147,-126.7606,10.27,30.18,504.26,NaN,506.19,497.64
2018-06-28T22:54:00Z,50.6085,-126.7495,10.26,30.28,651.07,NaN,653.47,642.44
2018-06-28T22:56:00Z,50.6024,-126.738,10.25,30.22,673.95,NaN,676.52,668.59
2018-08-02T23:23:00Z,50.6322,-126.7961,11.31,30.32,484.33,NaN,486.06,484.38
2018-08-02T23:25:00Z,50.623,-126.7992,11.7,30.27,410.35,NaN,411.81,405.34
2018-08-04T15:06:00Z,50.6034,-126.7365,10.38,30.46,818.97,NaN,822.0,807.35
2018-08-04T15:08:00Z,50.6105,-126.7495,10.29,30.53,855.57,NaN,858.78,843.11
2018-08-04T15:10:00Z,50.6163,-126.7607,10.16,30.63,853.85,NaN,857.03,841.82
2018-08-04T15:12:00Z,50.6223,-126.7722,10.16,30.55,858.36,NaN,861.58,847.98
2018-08-04T15:14:00Z,50.6284,-126.7838,10.21,30.39,845.01,NaN,848.12,837.18
2018-08-04T15:16:00Z,50.6346,-126.7952,10.58,30.19,794.03,NaN,797.02,797.1
2018-08-09T23:51:00Z,50.6345,-126.7941,11.93,30.38,510.26,NaN,511.13,497.88
2018-08-09T23:53:00Z,50.6289,-126.7841,12.16,30.15,529.16,NaN,529.93,519.15
2018-08-09T23:55:00Z,50.6232,-126.7741,12.21,30.18,504.21,NaN,504.88,488.21
2018-08-09T23:57:00Z,50.6182,-126.7639,11.99,30.32,508.91,NaN,509.68,492.11
2018-08-09T23:59:00Z,50.6134,-126.7541,11.73,30.56,553.49,NaN,554.21,532.23
2018-08-10T00:01:00Z,50.6082,-126.7446,11.26,30.75,619.28,NaN,620.16,601.0
2018-08-10T00:03:00Z,50.6023,-126.7362,11.44,30.61,658.1,NaN,659.02,639.31
2018-08-11T15:59:00Z,50.62,-126.7981,10.72,30.93,NaN,410.01,NaN,NaN
2018-08-11T16:00:00Z,50.6275,-126.7943,10.71,30.92,NaN,408.16,NaN,NaN
2018-08-11T16:02:00Z,50.635,-126.791,10.64,30.98,NaN,404.9,NaN,NaN
2018-08-17T03:31:00Z,50.6352,-126.7927,10.87,31.08,859.5,NaN,865.82,841.8
2018-08-17T03:33:00Z,50.6279,-126.7801,10.72,31.04,862.72,NaN,869.15,844.62
2018-08-17T03:35:00Z,50.6209,-126.7673,10.68,31.04,887.67,NaN,894.02,872.09
2018-08-17T03:37:00Z,50.6143,-126.7553,10.7,30.99,905.44,NaN,912.08,889.32
2018-08-17T03:39:00Z,50.6076,-126.7429,10.62,30.99,923.39,NaN,930.26,902.52
2018-08-17T03:41:00Z,50.6008,-126.7305,10.44,30.99,942.23,NaN,949.12,923.11
2018-08-18T14:20:00Z,50.6054,-126.7439,10.55,30.93,992.6,NaN,1005.04,977.95
2018-08-18T14:22:00Z,50.6114,-126.7555,10.56,30.93,997.64,NaN,1010.13,981.6
2018-08-18T14:24:00Z,50.6175,-126.7671,10.54,30.94,1002.41,NaN,1014.95,985.57
2018-08-18T14:26:00Z,50.6237,-126.7784,10.5,30.81,998.57,NaN,1011.01,982.6
2018-08-18T14:28:00Z,50.6297,-126.7896,10.58,30.98,997.8,NaN,1010.23,992.02
2018-08-24T01:08:00Z,50.6351,-126.7903,11.37,29.77,690.11,NaN,692.65,673.75
2018-08-24T01:10:00Z,50.6279,-126.778,11.32,29.87,696.87,NaN,699.34,679.63
2018-08-24T01:12:00Z,50.6208,-126.7655,11.28,29.96,709.74,NaN,712.36,693.73
2018-08-24T01:14:00Z,50.6134,-126.7527,11.25,30.08,723.76,NaN,726.5,704.65
2018-08-24T01:16:00Z,50.6063,-126.7403,11.13,30.17,740.21,NaN,742.97,720.4
2018-08-25T15:27:00Z,50.6053,-126.744,10.38,30.74,998.89,NaN,1001.37,987.52
2018-08-25T15:29:00Z,50.6113,-126.7555,10.42,30.71,NaN,NaN,NaN,NaN
2018-08-25T15:30:00Z,50.6173,-126.7672,10.3,30.81,NaN,NaN,NaN,NaN
2018-08-25T15:32:00Z,50.6232,-126.7788,10.27,30.83,NaN,NaN,NaN,NaN
2018-08-25T15:34:00Z,50.6294,-126.7895,10.26,30.85,NaN,NaN,NaN,NaN
2018-08-25T15:36:00Z,50.6357,-126.7997,10.23,30.92,NaN,417.21,NaN,NaN
2018-08-31T00:59:00Z,50.6268,-126.7865,10.98,30.82,785.21,NaN,787.34,759.38
2018-08-31T01:02:00Z,50.6204,-126.769,10.95,30.81,834.39,NaN,836.72,810.27
2018-08-31T01:04:00Z,50.6156,-126.7537,10.68,30.8,847.17,NaN,849.58,820.05
2018-08-31T01:06:00Z,50.6093,-126.7398,10.48,30.86,951.44,NaN,954.11,925.05
2018-08-31T01:08:00Z,50.6018,-126.7273,10.41,30.88,994.32,NaN,997.21,968.35
2018-09-01T14:55:00Z,50.6052,-126.7424,10.53,30.8,1036.63,NaN,1043.09,1009.82
2018-09-01T14:58:00Z,50.6121,-126.7554,10.44,30.85,1060.35,NaN,1066.82,1032.35
2018-09-01T15:00:00Z,50.618,-126.7662,10.4,30.81,1064.72,NaN,1071.31,1048.87
2018-09-01T15:02:00Z,50.6237,-126.7771,10.67,30.77,1045.11,NaN,1051.7,1028.85
2018-09-01T15:04:00Z,50.6293,-126.7879,10.88,30.77,979.23,NaN,985.4,954.63
2018-09-01T15:06:00Z,50.635,-126.7987,10.81,30.85,937.36,NaN,943.39,914.17
2018-09-07T00:32:00Z,50.6397,-126.7938,10.83,30.86,835.58,NaN,836.96,806.92
2018-09-07T00:34:00Z,50.6364,-126.7819,10.48,30.96,828.51,NaN,829.77,811.3
2018-09-07T00:36:00Z,50.6301,-126.7719,10.33,30.88,921.22,NaN,922.74,907.04
2018-09-07T00:38:00Z,50.6228,-126.7619,10.42,30.66,951.98,NaN,953.46,936.76
2018-09-07T00:40:00Z,50.6154,-126.7528,10.38,30.34,915.07,NaN,916.58,899.71
2018-09-07T00:42:00Z,50.6084,-126.7436,10.37,30.28,875.98,NaN,877.35,860.79
2018-09-07T00:44:00Z,50.6016,-126.7337,10.28,30.62,886.89,NaN,888.33,872.11
2018-09-14T05:01:00Z,50.6279,-126.7908,9.64,31.23,1101.46,NaN,1102.56,1089.66
2018-09-14T05:03:00Z,50.6212,-126.7787,9.63,31.24,1098.03,NaN,1099.02,1086.3
2018-09-14T05:05:00Z,50.615,-126.7657,9.69,30.78,1099.07,NaN,1100.15,1087.9
2018-09-14T05:07:00Z,50.6094,-126.7528,9.66,30.96,1098.8,NaN,1099.88,1089.01
2018-09-14T05:09:00Z,50.6039,-126.74,9.69,31.02,1102.56,NaN,1103.75,1094.11
2018-09-15T14:42:00Z,50.6038,-126.7394,9.73,31.1,NaN,411.2,NaN,NaN
2018-09-15T14:43:00Z,50.6078,-126.7468,9.7,31.15,NaN,409.95,NaN,NaN
2018-09-15T14:44:00Z,50.6118,-126.7542,9.68,31.08,NaN,410.7,NaN,NaN
2018-09-15T14:51:00Z,50.6304,-126.7895,9.7,31.17,1137.06,NaN,1130.54,1121.61
2018-09-20T23:41:00Z,50.6356,-126.7953,10.13,30.65,NaN,NaN,NaN,NaN
2018-09-20T23:43:00Z,50.629,-126.7837,10.1,30.67,NaN,NaN,NaN,NaN
2018-09-20T23:45:00Z,50.6225,-126.772,10.05,30.65,NaN,NaN,NaN,NaN
2018-09-20T23:47:00Z,50.616,-126.7598,10.05,30.65,NaN,NaN,NaN,NaN
2018-09-20T23:49:00Z,50.6098,-126.7481,10.16,30.4,NaN,NaN,NaN,NaN
2018-09-20T23:51:00Z,50.6036,-126.7368,10.18,30.29,NaN,NaN,NaN,NaN
2018-09-22T15:06:00Z,50.6017,-126.7365,9.95,30.56,1137.75,NaN,1134.15,1121.7
2018-09-22T15:08:00Z,50.6079,-126.7468,9.91,30.62,1133.72,NaN,1130.09,1117.23
2018-09-22T15:10:00Z,50.6146,-126.7571,9.91,30.62,1137.28,NaN,1133.63,1121.28
2018-09-22T15:12:00Z,50.6213,-126.7676,9.9,30.59,1139.44,NaN,1135.82,1123.34
2018-09-22T15:14:00Z,50.628,-126.7775,9.85,30.69,1141.68,NaN,1138.0,1124.86
2018-09-22T15:16:00Z,50.6353,-126.7857,9.84,30.77,1144.27,NaN,1140.62,1127.45
2018-09-22T15:19:00Z,50.6422,-126.7954,9.83,30.8,1142.25,NaN,1138.71,1129.4
2018-09-27T22:39:00Z,50.6353,-126.7942,10.21,30.39,NaN,417.6,NaN,NaN
2018-09-27T22:46:00Z,50.616,-126.7604,10.13,30.43,1001.54,NaN,1007.08,992.73
2018-09-27T22:48:00Z,50.6101,-126.7501,10.11,30.43,1008.99,NaN,1014.54,1000.82
2018-09-27T22:50:00Z,50.6031,-126.7375,10.04,30.47,1020.24,NaN,1025.74,1010.05
2018-09-29T14:16:00Z,50.6048,-126.7425,9.71,29.87,1199.8,NaN,1192.14,1177.95
2018-09-29T14:18:00Z,50.6101,-126.7523,9.83,29.77,NaN,434.91,NaN,NaN
2018-09-29T14:19:00Z,50.614,-126.7594,9.91,29.77,NaN,433.13,NaN,NaN
2018-09-29T14:21:00Z,50.618,-126.7668,9.8,29.91,NaN,436.33,NaN,NaN
2019-03-02T15:12:00Z,50.6015,-126.7337,8.21,31.02,676.11,NaN,682.25,674.68
2019-03-02T15:14:00Z,50.6069,-126.7443,8.21,31.04,676.14,NaN,682.21,674.87
2019-03-02T15:16:00Z,50.6123,-126.7549,8.21,31.07,674.45,NaN,680.52,673.09
2019-03-02T15:18:00Z,50.6179,-126.765,8.2,31.06,672.03,NaN,678.12,670.77
2019-03-02T15:20:00Z,50.6235,-126.7747,8.19,31.16,670.35,NaN,676.35,669.68
2019-03-02T15:22:00Z,50.6293,-126.7834,8.22,31.14,662.09,NaN,668.07,660.83
2019-03-02T15:24:00Z,50.6351,-126.7922,8.22,31.14,661.71,NaN,667.71,660.5
2019-03-07T21:21:00Z,50.6362,-126.7984,8.15,31.26,636.68,NaN,635.81,628.08
2019-03-07T21:24:00Z,50.6299,-126.7866,8.09,31.3,635.9,NaN,635.06,628.12
2019-03-07T21:26:00Z,50.6249,-126.7765,8.19,31.25,637.68,NaN,636.71,629.98
2019-03-07T21:28:00Z,50.6202,-126.7671,8.25,31.21,651.03,NaN,650.09,642.36
2019-03-07T21:30:00Z,50.6154,-126.7577,8.28,31.21,662.41,NaN,661.44,653.27
2019-03-07T21:32:00Z,50.6105,-126.7486,8.27,31.19,667.09,NaN,666.1,657.66
2019-03-07T21:34:00Z,50.6055,-126.7396,8.26,31.15,670.36,NaN,669.4,660.88
2019-03-07T21:36:00Z,50.6002,-126.73,8.25,31.13,672.51,NaN,671.53,664.81
2019-03-09T13:55:00Z,50.6053,-126.7416,8.15,31.16,675.39,NaN,677.93,671.28
2019-03-09T13:57:00Z,50.612,-126.7535,8.18,31.24,673.32,NaN,675.82,669.19
2019-03-09T13:59:00Z,50.6187,-126.7656,8.17,31.33,667.59,NaN,670.13,662.8
2019-03-09T14:01:00Z,50.625,-126.778,8.16,31.43,654.15,NaN,656.59,650.16
2019-03-09T14:03:00Z,50.631,-126.79,8.14,31.4,647.3,NaN,649.75,642.71
2019-03-14T22:49:00Z,50.6372,-126.7957,8.21,31.28,NaN,419.39,NaN,NaN
2019-03-14T22:50:00Z,50.6327,-126.7879,8.21,31.3,NaN,419.91,NaN,NaN
2019-03-14T22:56:00Z,50.6118,-126.7512,8.19,31.2,652.75,NaN,660.95,654.26
2019-03-14T22:59:00Z,50.6042,-126.7375,8.19,31.18,655.38,NaN,663.65,656.94
2019-03-16T13:16:00Z,50.603,-126.7395,8.19,31.17,660.24,NaN,666.23,659.01
2019-03-16T13:18:00Z,50.6093,-126.7515,8.2,31.22,658.48,NaN,664.47,657.23
2019-03-16T13:20:00Z,50.6156,-126.7634,8.2,31.31,656.09,NaN,662.1,654.88
2019-03-16T13:22:00Z,50.6219,-126.7739,8.22,31.37,652.26,NaN,658.18,651.15
2019-03-16T13:24:00Z,50.628,-126.784,8.22,31.31,646.49,NaN,652.33,645.23
2019-03-16T13:26:00Z,50.6341,-126.7946,8.23,31.32,646.36,NaN,652.14,644.91
2019-03-21T22:17:00Z,50.6351,-126.7959,8.68,31.52,624.69,NaN,624.76,614.42
2019-03-21T22:19:00Z,50.6285,-126.7839,8.71,31.54,628.51,NaN,628.46,617.42
2019-03-21T22:21:00Z,50.6223,-126.7724,8.9,31.51,629.71,NaN,629.75,616.86
2019-03-21T22:23:00Z,50.6163,-126.7609,8.72,31.43,631.56,NaN,631.59,617.78
2019-03-21T22:25:00Z,50.6101,-126.7496,8.59,31.42,643.66,NaN,643.58,632.16
2019-03-21T22:27:00Z,50.604,-126.7385,8.65,31.39,649.5,NaN,649.48,636.25
2019-03-23T14:16:00Z,50.6031,-126.7371,8.37,31.38,652.38,NaN,655.47,646.53
2019-03-23T14:18:00Z,50.609,-126.7485,8.37,31.36,651.22,NaN,654.33,645.4
2019-03-23T14:20:00Z,50.6147,-126.7591,8.4,31.34,644.98,NaN,648.06,638.45
2019-03-23T14:22:00Z,50.6208,-126.7696,8.38,31.43,649.79,NaN,652.95,644.47
2019-03-23T14:24:00Z,50.627,-126.78,8.39,31.48,647.48,NaN,650.59,642.05
2019-03-23T14:26:00Z,50.6329,-126.7908,8.43,31.57,642.59,NaN,645.76,637.6
2019-03-28T23:40:00Z,50.6346,-126.7936,8.67,31.28,622.67,NaN,626.79,615.48
2019-03-28T23:42:00Z,50.6294,-126.7837,8.62,31.27,631.42,NaN,635.41,624.08
2019-03-28T23:44:00Z,50.624,-126.774,8.59,31.3,638.04,NaN,642.22,630.87
2019-03-28T23:46:00Z,50.6184,-126.7651,8.59,31.3,641.82,NaN,645.85,635.59
2019-03-28T23:48:00Z,50.613,-126.7555,8.61,31.22,643.79,NaN,648.1,637.14
2019-03-28T23:50:00Z,50.6066,-126.7441,8.61,31.2,646.2,NaN,650.6,639.94
2019-03-28T23:52:00Z,50.6012,-126.7344,8.65,31.15,645.37,NaN,649.67,639.03
2019-03-30T14:35:00Z,50.6049,-126.7408,8.4,31.28,641.23,NaN,651.92,645.62
2019-03-30T14:37:00Z,50.6103,-126.7516,8.4,31.27,639.31,NaN,649.92,643.32
2019-03-30T14:39:00Z,50.6159,-126.7626,8.39,31.28,639.32,NaN,649.97,643.64
2019-03-30T14:41:00Z,50.6217,-126.7731,8.4,31.31,639.56,NaN,650.22,644.03
2019-03-30T14:43:00Z,50.628,-126.7827,8.42,31.27,637.87,NaN,648.49,642.33
2019-03-30T14:45:00Z,50.6344,-126.7927,8.43,31.33,633.57,NaN,644.07,638.64
2019-04-04T22:04:00Z,50.6337,-126.799,8.94,31.45,565.78,NaN,563.63,557.5
2019-04-04T22:06:00Z,50.6282,-126.7883,8.92,31.46,560.02,NaN,557.8,551.69
2019-04-04T22:08:00Z,50.623,-126.7774,8.73,31.42,562.22,NaN,560.17,552.71
2019-04-04T22:10:00Z,50.6176,-126.7662,8.62,31.34,597.05,NaN,594.72,588.4
2019-04-04T22:12:00Z,50.6117,-126.7551,8.6,31.35,616.94,NaN,614.53,607.93
2019-04-04T22:14:00Z,50.6059,-126.7442,8.61,31.33,624.71,NaN,622.07,615.55
2019-04-04T22:16:00Z,50.6003,-126.7336,8.63,31.32,626.69,NaN,624.02,616.78
2019-04-11T23:43:00Z,50.6289,-126.7942,8.65,31.5,603.02,NaN,603.42,596.95
2019-04-11T23:45:00Z,50.6243,-126.7854,8.65,31.36,612.75,NaN,613.13,606.5
2019-04-11T23:47:00Z,50.6203,-126.7782,8.63,31.23,624.25,NaN,624.69,618.19
2019-04-11T23:49:00Z,50.6168,-126.7718,8.61,31.22,634.5,NaN,634.89,628.27
2019-04-11T23:51:00Z,50.6132,-126.7653,8.6,31.19,639.72,NaN,640.06,633.49
2019-04-11T23:53:00Z,50.6097,-126.7586,8.61,31.17,642.2,NaN,642.59,635.89
2019-04-11T23:55:00Z,50.606,-126.7519,8.6,31.17,644.22,NaN,644.62,638.1
2019-04-11T23:57:00Z,50.6023,-126.7452,8.6,31.16,645.04,NaN,645.41,638.81
2019-04-13T13:46:00Z,50.605,-126.7424,8.6,31.19,655.34,NaN,649.77,642.97
2019-04-13T13:48:00Z,50.6104,-126.7532,8.59,31.21,655.14,NaN,649.59,643.36
2019-04-13T13:50:00Z,50.6158,-126.7639,8.61,31.21,653.74,NaN,648.11,641.41
2019-04-13T13:52:00Z,50.6214,-126.7744,8.6,31.21,654.12,NaN,648.49,642.0
2019-04-13T13:54:00Z,50.6268,-126.7837,8.6,31.22,NaN,414.52,NaN,NaN
2019-04-13T13:55:00Z,50.6309,-126.7905,8.62,31.2,NaN,413.39,NaN,NaN
2019-04-13T13:57:00Z,50.635,-126.7973,8.63,31.22,NaN,414.59,NaN,NaN
2019-04-19T00:23:00Z,50.6278,-126.7888,8.74,31.48,589.34,NaN,590.8,584.53
2019-04-19T00:25:00Z,50.622,-126.7768,8.71,31.44,600.07,NaN,601.52,595.49
2019-04-19T00:27:00Z,50.6162,-126.7649,8.68,31.31,611.02,NaN,612.59,606.57
2019-04-19T00:29:00Z,50.6104,-126.7532,8.67,31.31,622.32,NaN,623.86,618.0
2019-04-19T00:31:00Z,50.6045,-126.7417,8.68,31.24,626.83,NaN,628.4,622.27
2019-04-20T16:17:00Z,50.604,-126.7355,8.64,31.2,633.72,NaN,638.32,632.52
2019-04-20T16:19:00Z,50.6106,-126.7495,8.64,31.18,638.28,NaN,642.89,636.96
2019-04-20T16:21:00Z,50.6178,-126.7625,8.65,31.19,639.67,NaN,644.04,637.81
2019-04-20T16:23:00Z,50.6247,-126.7746,8.65,31.22,638.58,NaN,643.04,636.92
2019-04-20T16:25:00Z,50.6315,-126.7852,8.68,31.3,636.67,NaN,641.29,635.37
2019-04-20T16:27:00Z,50.6396,-126.7992,8.71,31.39,627.67,NaN,632.09,625.77
2019-04-25T23:07:00Z,50.6336,-126.7933,8.97,31.41,590.98,NaN,596.69,589.86
2019-04-25T23:09:00Z,50.6289,-126.7839,8.99,31.35,600.77,NaN,606.53,598.98
2019-04-25T23:11:00Z,50.6237,-126.7743,8.86,31.24,608.07,NaN,613.88,606.72
2019-04-25T23:13:00Z,50.6185,-126.7654,8.86,31.16,619.85,NaN,625.79,618.78
2019-04-25T23:15:00Z,50.6133,-126.7562,8.85,31.13,629.88,NaN,635.91,629.07
2019-04-25T23:17:00Z,50.6081,-126.7468,8.85,31.13,635.34,NaN,641.4,634.52
2019-04-25T23:19:00Z,50.6031,-126.7374,8.84,31.12,637.34,NaN,643.39,636.34
2019-04-27T14:37:00Z,50.6021,-126.7345,8.71,31.16,634.12,NaN,640.09,634.37
2019-04-27T14:39:00Z,50.6082,-126.7454,8.72,31.16,633.08,NaN,639.04,633.45
2019-04-27T14:41:00Z,50.6139,-126.7565,8.73,31.17,633.99,NaN,640.15,634.61
2019-04-27T14:43:00Z,50.6195,-126.7679,8.73,31.19,628.66,NaN,634.64,629.62
2019-04-27T14:45:00Z,50.6248,-126.7792,8.75,31.18,626.93,NaN,632.85,627.56
2019-04-27T14:47:00Z,50.6298,-126.7907,8.76,31.13,620.73,NaN,627.16,622.06
2019-05-02T23:23:00Z,50.6343,-126.7907,9.26,31.25,490.64,NaN,494.13,487.03
2019-05-02T23:25:00Z,50.6268,-126.7781,9.27,31.25,520.86,NaN,524.61,517.51
2019-05-02T23:27:00Z,50.6208,-126.768,9.24,31.29,527.26,NaN,531.13,524.4
2019-05-02T23:29:00Z,50.615,-126.758,9.26,31.32,527.59,NaN,531.44,524.81
2019-05-02T23:31:00Z,50.6095,-126.7484,9.17,31.25,528.35,NaN,532.23,526.01
2019-05-02T23:33:00Z,50.6039,-126.7387,9.17,31.22,548.78,NaN,552.82,545.9
2019-05-04T15:25:00Z,50.6004,-126.7333,8.95,31.12,642.55,NaN,646.16,638.95
2019-05-04T15:28:00Z,50.6066,-126.7449,8.95,31.13,644.08,NaN,647.74,640.48
2019-05-04T15:30:00Z,50.6129,-126.7561,8.95,31.16,644.78,NaN,648.26,641.21
2019-05-04T15:32:00Z,50.6191,-126.767,8.94,31.17,645.62,NaN,648.98,641.92
2019-05-04T15:34:00Z,50.6253,-126.7777,8.99,31.25,645.57,NaN,648.94,644.1
2019-05-04T15:36:00Z,50.6317,-126.7881,9.05,31.26,614.07,NaN,617.65,611.03
2019-05-04T15:38:00Z,50.6379,-126.7991,9.06,31.34,595.0,NaN,598.4,592.26
2019-05-17T00:36:00Z,50.6339,-126.7934,9.76,31.17,560.25,NaN,553.88,539.68
2019-05-17T00:38:00Z,50.6283,-126.7822,9.45,31.17,622.69,NaN,615.59,606.44
2019-05-17T00:40:00Z,50.6223,-126.7707,9.6,31.2,671.47,NaN,663.83,655.05
2019-05-17T00:42:00Z,50.6165,-126.7596,9.45,31.09,645.24,NaN,637.97,627.85
2019-05-17T00:44:00Z,50.6105,-126.7489,9.4,31.1,696.81,NaN,688.97,681.25
2019-05-17T00:46:00Z,50.6042,-126.7387,9.52,31.07,665.29,NaN,657.8,650.07
2019-05-18T15:34:00Z,50.6029,-126.7363,9.41,31.05,687.54,NaN,684.8,673.94
2019-05-18T15:36:00Z,50.6095,-126.7488,9.38,31.09,735.4,NaN,732.42,720.94
2019-05-18T15:38:00Z,50.6168,-126.761,9.35,31.13,759.13,NaN,756.05,744.44
2019-05-18T15:40:00Z,50.6242,-126.7728,9.33,31.16,728.52,NaN,725.36,714.13
2019-05-18T15:42:00Z,50.6311,-126.7844,9.31,31.22,682.72,NaN,679.8,669.52
2019-05-18T15:44:00Z,50.6382,-126.7949,9.29,31.26,690.02,NaN,687.14,677.32
2019-05-24T00:32:00Z,50.6362,-126.7971,10.04,31.13,NaN,414.84,NaN,NaN
2019-05-24T00:39:00Z,50.6154,-126.7613,9.68,31.06,742.86,NaN,745.11,732.83
2019-05-24T00:41:00Z,50.6079,-126.7475,9.57,31.18,798.96,NaN,801.37,786.23
2019-05-24T00:43:00Z,50.602,-126.7355,9.55,31.12,825.06,NaN,827.55,815.03
2019-06-06T23:21:00Z,50.6304,-126.7919,10.23,31.04,673.93,NaN,673.84,659.69
2019-06-06T23:23:00Z,50.625,-126.7817,10.34,30.97,669.91,NaN,669.87,651.22
2019-06-06T23:25:00Z,50.6201,-126.7719,10.22,30.76,666.65,NaN,666.63,646.51
2019-06-06T23:27:00Z,50.615,-126.7624,10.09,30.7,754.54,NaN,754.55,734.85
2019-06-06T23:29:00Z,50.6091,-126.751,10.08,30.61,819.98,NaN,819.98,797.29
2019-06-06T23:31:00Z,50.6042,-126.7409,10.01,30.74,846.07,NaN,846.15,822.01
2019-06-08T15:24:00Z,50.6036,-126.7389,10.1,30.66,786.35,NaN,796.46,776.65
2019-06-08T15:26:00Z,50.6098,-126.7501,10.01,30.8,795.53,NaN,805.58,786.76
2019-06-08T15:28:00Z,50.6157,-126.7613,9.91,31.04,805.35,NaN,815.66,797.96
2019-06-08T15:30:00Z,50.6218,-126.7725,9.96,31.07,812.1,NaN,822.55,805.5
2019-06-08T15:32:00Z,50.6281,-126.7836,9.93,31.09,785.56,NaN,795.62,776.22
2019-06-08T15:34:00Z,50.6343,-126.7944,9.86,31.12,800.37,NaN,810.66,803.21
2019-06-14T00:28:00Z,50.6337,-126.7949,NaN,NaN,NaN,NaN,NaN,NaN
2019-06-14T00:30:00Z,50.6283,-126.7832,11.38,31.13,NaN,NaN,NaN,NaN
2019-06-14T00:32:00Z,50.6222,-126.7714,11.3,31.17,NaN,NaN,NaN,NaN
2019-06-14T00:34:00Z,50.6157,-126.7598,11.21,31.15,NaN,NaN,NaN,NaN
2019-06-14T00:36:00Z,50.6092,-126.749,11.13,31.11,NaN,NaN,NaN,NaN
2019-06-14T00:38:00Z,50.6032,-126.7386,11.26,30.8,NaN,NaN,NaN,NaN
2019-06-15T14:46:00Z,50.6001,-126.7325,NaN,NaN,NaN,NaN,NaN,NaN
2019-06-15T14:48:00Z,50.6061,-126.7448,NaN,NaN,NaN,NaN,NaN,NaN
2019-06-15T14:50:00Z,50.6124,-126.7566,NaN,NaN,NaN,NaN,NaN,NaN
2019-06-15T14:52:00Z,50.6189,-126.7683,NaN,NaN,NaN,NaN,NaN,NaN
2019-06-15T14:54:00Z,50.6253,-126.7799,NaN,NaN,NaN,NaN,NaN,NaN
2019-06-15T14:56:00Z,50.6321,-126.7907,NaN,NaN,NaN,NaN,NaN,NaN
2019-06-20T23:33:00Z,50.6316,-126.7957,11.01,31.22,NaN,NaN,NaN,NaN
2019-06-20T23:36:00Z,50.6235,-126.7801,11.0,31.23,NaN,NaN,NaN,NaN
2019-06-20T23:38:00Z,50.6166,-126.7657,10.88,31.26,NaN,NaN,NaN,NaN
2019-06-20T23:41:00Z,50.6099,-126.7517,10.71,31.41,NaN,NaN,NaN,NaN
2019-06-20T23:44:00Z,50.6024,-126.7375,10.54,31.28,NaN,NaN,NaN,NaN
2019-06-22T15:05:00Z,50.6044,-126.7434,9.95,31.19,777.79,NaN,785.25,772.26
2019-06-22T15:07:00Z,50.6106,-126.7547,9.9,31.23,787.84,NaN,795.43,789.56
2019-06-22T15:09:00Z,50.6166,-126.7658,10.27,31.22,778.57,NaN,786.03,772.92
2019-06-22T15:11:00Z,50.6229,-126.7764,10.28,31.22,718.59,NaN,725.42,713.11
2019-06-22T15:13:00Z,50.6292,-126.7869,10.18,31.26,699.35,NaN,706.11,694.62
2019-06-22T15:15:00Z,50.6364,-126.7995,10.31,31.19,714.47,NaN,721.27,716.34
2019-06-27T23:27:00Z,50.6329,-126.7914,NaN,NaN,NaN,NaN,NaN,NaN
2019-06-27T23:29:00Z,50.6273,-126.7807,NaN,NaN,NaN,NaN,NaN,NaN
2019-06-27T23:31:00Z,50.622,-126.7705,NaN,NaN,NaN,407.56,NaN,NaN
2019-06-27T23:32:00Z,50.6182,-126.7633,NaN,NaN,NaN,408.01,NaN,NaN
2019-06-27T23:33:00Z,50.6144,-126.7563,NaN,NaN,NaN,407.71,NaN,NaN
2019-07-12T00:17:00Z,50.6363,-126.7972,10.24,31.41,636.9,NaN,639.74,631.36
2019-07-12T00:19:00Z,50.6309,-126.7856,10.31,31.21,752.35,NaN,755.72,743.54
2019-07-12T00:21:00Z,50.625,-126.7739,10.27,31.25,815.77,NaN,819.48,802.78
2019-07-12T00:23:00Z,50.6186,-126.763,10.2,31.08,852.55,NaN,856.49,847.96
2019-07-12T00:25:00Z,50.6122,-126.7535,10.49,30.86,834.62,NaN,838.44,826.06
2019-07-12T00:27:00Z,50.606,-126.7435,10.56,30.82,829.74,NaN,833.51,821.62
2019-07-12T00:29:00Z,50.6004,-126.733,10.58,30.84,833.18,NaN,836.85,822.33
2019-07-13T14:29:00Z,50.6026,-126.7379,10.25,31.17,931.74,NaN,933.81,920.64
2019-07-13T14:31:00Z,50.6087,-126.7495,10.21,31.23,924.96,NaN,927.05,911.71
2019-07-13T14:33:00Z,50.6149,-126.7614,10.12,31.3,931.28,NaN,933.36,918.6
2019-07-13T14:35:00Z,50.6212,-126.7734,10.04,31.36,936.08,NaN,938.01,923.13
2019-07-13T14:37:00Z,50.6273,-126.7853,10.0,31.37,929.7,NaN,931.57,918.43
2019-07-13T14:39:00Z,50.634,-126.7962,10.05,31.36,923.0,NaN,924.8,912.68
2019-07-18T23:27:00Z,50.6292,-126.7886,NaN,NaN,NaN,NaN,NaN,NaN
2019-07-18T23:29:00Z,50.6227,-126.7773,NaN,NaN,NaN,NaN,NaN,NaN
2019-07-18T23:31:00Z,50.6168,-126.7662,NaN,NaN,NaN,NaN,NaN,NaN
2019-07-18T23:33:00Z,50.6107,-126.7546,NaN,NaN,NaN,NaN,NaN,NaN
2019-07-18T23:35:00Z,50.6037,-126.7409,NaN,NaN,NaN,NaN,NaN,NaN
2019-07-20T14:16:00Z,50.6028,-126.7381,NaN,NaN,NaN,NaN,NaN,NaN
2019-07-20T14:18:00Z,50.6096,-126.7501,NaN,NaN,NaN,NaN,NaN,NaN
2019-07-20T14:20:00Z,50.616,-126.7619,NaN,NaN,NaN,NaN,NaN,NaN
2019-07-20T14:22:00Z,50.6225,-126.7735,NaN,NaN,NaN,NaN,NaN,NaN
2019-07-20T14:24:00Z,50.629,-126.7848,NaN,NaN,NaN,NaN,NaN,NaN
2019-07-20T14:26:00Z,50.6355,-126.796,NaN,NaN,NaN,NaN,NaN,NaN
2019-08-22T23:33:00Z,50.6402,-126.7991,11.42,30.7,489.93,NaN,492.01,484.77
2019-08-22T23:35:00Z,50.6334,-126.7891,11.39,30.77,483.19,NaN,485.31,478.22
2019-08-22T23:37:00Z,50.6258,-126.777,11.18,30.8,522.19,NaN,524.41,514.81
2019-08-22T23:39:00Z,50.6196,-126.7669,10.73,31.1,648.89,NaN,651.69,639.89
2019-08-22T23:41:00Z,50.6135,-126.7572,10.68,31.04,805.92,NaN,809.39,798.04
2019-08-22T23:43:00Z,50.608,-126.747,10.7,31.01,862.35,NaN,866.05,853.72
2019-08-22T23:45:00Z,50.6025,-126.7366,10.7,31.03,885.62,NaN,889.36,876.58
2019-08-30T01:33:00Z,50.633,-126.7901,11.91,30.75,NaN,NaN,NaN,NaN
2019-08-30T01:35:00Z,50.6277,-126.78,11.66,30.81,NaN,NaN,NaN,NaN
2019-08-30T01:37:00Z,50.6224,-126.7699,11.2,31.03,NaN,NaN,NaN,NaN
2019-08-30T01:39:00Z,50.6175,-126.7591,11.22,31.11,NaN,NaN,NaN,NaN
2019-08-30T01:41:00Z,50.6125,-126.7486,10.85,31.23,NaN,NaN,NaN,NaN
2019-08-30T01:43:00Z,50.607,-126.7393,10.67,30.95,NaN,NaN,NaN,NaN
2019-08-30T01:46:00Z,50.6004,-126.7282,10.64,31.01,NaN,NaN,NaN,NaN
2019-08-31T16:09:00Z,50.6024,-126.736,10.5,31.23,NaN,NaN,NaN,NaN
2019-08-31T16:11:00Z,50.6093,-126.7502,10.45,31.29,NaN,NaN,NaN,NaN
2019-08-31T16:13:00Z,50.6165,-126.7647,10.33,31.38,NaN,NaN,NaN,NaN
2019-08-31T16:15:00Z,50.624,-126.778,10.32,31.35,NaN,NaN,NaN,NaN
2019-08-31T16:17:00Z,50.6325,-126.789,10.32,31.41,NaN,NaN,NaN,NaN
2019-08-31T16:19:00Z,50.6417,-126.7993,10.29,31.47,NaN,NaN,NaN,NaN
2019-09-07T14:17:00Z,50.6039,-126.74,10.46,29.62,NaN,NaN,NaN,NaN
2019-09-07T14:20:00Z,50.611,-126.7533,10.41,29.64,NaN,NaN,NaN,NaN
2019-09-07T14:22:00Z,50.6171,-126.7647,10.4,29.64,NaN,NaN,NaN,NaN
2019-09-07T14:24:00Z,50.6234,-126.7763,10.38,29.66,NaN,NaN,NaN,NaN
2019-09-07T14:26:00Z,50.6295,-126.7877,10.33,29.71,NaN,NaN,NaN,NaN
2019-09-07T14:28:00Z,50.6354,-126.7985,10.39,29.68,NaN,NaN,NaN,NaN
2019-09-27T00:08:00Z,50.632,-126.7889,10.88,29.4,NaN,NaN,NaN,NaN
2019-09-27T00:10:00Z,50.626,-126.7775,10.86,29.29,NaN,NaN,NaN,NaN
2019-09-27T00:13:00Z,50.6199,-126.7662,10.83,29.27,NaN,NaN,NaN,NaN
2019-09-27T00:15:00Z,50.6137,-126.7551,10.79,29.16,NaN,NaN,NaN,NaN
2019-09-27T00:17:00Z,50.6077,-126.7441,10.58,29.54,NaN,NaN,NaN,NaN
2019-09-27T00:19:00Z,50.6017,-126.7336,10.54,29.5,NaN,NaN,NaN,NaN
2019-09-28T15:07:00Z,50.6013,-126.7316,10.37,29.0,NaN,NaN,NaN,NaN
2019-09-28T15:09:00Z,50.6081,-126.7458,10.32,29.06,NaN,NaN,NaN,NaN
2019-09-28T15:11:00Z,50.6149,-126.7599,10.28,29.1,NaN,NaN,NaN,NaN
2019-09-28T15:13:00Z,50.6222,-126.7731,10.29,29.11,NaN,NaN,NaN,NaN
2019-09-28T15:15:00Z,50.6296,-126.7857,10.29,29.12,NaN,NaN,NaN,NaN
2019-09-28T15:17:00Z,50.6369,-126.7975,10.32,29.13,NaN,NaN,NaN,NaN
